1004576606
1008014402
1049032518
1049110603
1078951969
1092646028
112413169
1152796147
1313010822
143877939
1493434988
15325166
1536824652
15444789
158698941
16364966
163767149
164305518
17268454
17875783
179962246
18036371
18587947
194082190
20412681
20640148
2177796745
2210798642
2234776268
2239281649
22534214
2273556865
23122766
2516595221
25553720
258435790
267941164
271669966
27516528
2787165621
2862313156
2927212918
310153750
316518056
3237678846
324906220
3382573452
3428044765
3456896913
346916581
348597611
3497019074
35077218
365039926
3739483162
3782782695
3783993735
3784401088
3892472247
391485689
394796829
40151906
403669081
406471262
416005405
4305670343
452091685
4543881861
459354550
47450104
477856988
48332693
48438382
4882314680
4882357949
4902484367
497426445
51043976
522673457
557890093
568396952
59572924
60446130
61091361
611452387
614068555
65932047
700926985845891072
704687663081631744
705011147825668096
723175266
724204149378703360
724374728304123904
752604540
80141262
85344764
85479331
87456399
89208192
911524076
931826418