1220448200
3683324004
1004576606
1008014402
1011574837
1034261690
104036816
1049032518
1049110603
105691251
1061088500
106756416
1071985873
1078951969
1092646028
1114290223
112413169
112803064
1152796147
115372986
1161947948
1197516157
120630038
121816554
123665760
1240232070
1251823399
1258254180
1260733884
1281760333
129924432
131214917
1313010822
132465093
1332374142
1344487176
1345329306
1351362576
1376915070
1395660265
141119033
142501704
143418933
143877939
148861948
1493434988
150081635
150621782
15064734
152758413
15325166
1536824652
15444789
1545874404
154942473
156020614
1564515230
157057698
1571756826
158698941
161134609
16364966
163767149
164305518
1651951484
1655361888
1657536876
166097919
1671814274
16827865
1688159258
169018518
1690438550
1691319816
169984873
1701376393
1705429160
1712847606
1715515232
1717514798
17249205
17268454
1729706143
174452528
17492306
175721537
177384929
178612617
17875783
179962246
18036371
182342947
18587947
1861283510
1897335900
1902222571
1912094144
1936738998
194082190
1947821712
1971886507
198162948
200599421
20412681
204162890
204186552
20640148
20810641
208161494
209335074
214559391
216451737
2177796745
2184295126
2193840842
2194657353
219986085
2203275950
2210798642
222464364
223176582
223293094
223325092
2234776268
2239281649
22534214
2273556865
2279937543
2283645042
2286956209
22991959
2309396119
23122766
2316719100
2322703153
232312231
2335007244
2335333963
23366162
236512297
2366247319
2380386662
2382705746
239815808
2403979556
2405474737
2427679441
2438209381
244059387
2452021536
2471431401
247556321
2483393708
2498660952
2499331900
250094461
250334798
2516595221
2517506357
2539197660
25553720
256345478
2565057808
2571106898
257525597
2575879010
258435790
258774948
2610109386
26228965
266168299
2669199902
267837522
267941164
268957070
2695560579
271669966
2718886009
2725931390
272969815
273161485
27516528
2765290943
276720712
27714562
277397082
2774522159
277721264
2777476137
2787165621
2789302291
2821234929
2834048224
2862313156
2867864751
2868790841
2872437450
2873103844
2881543958
288861222
2889664408
2891623817
2894604511
2900622840
2902198302
292026125
2927212918
292915728
293137436
2938807462
2942039542
2946652273
2957988498
2961061667
2967369122
2970684040
298152549
2988965966
2991193875
300999073
3017277316
3019898626
3055958626
3059398933
3061030577
306460565
3073171950
3084929138
3096233698
3097361780
3100216689
310153750
3102164686
3131027195
3133300683
3146109153
3146380263
314697962
316518056
31701158
3182545513
3192378953
3192763244
3192942005
3196046816
3199174638
3207803571
3208731585
3225912218
3226194619
3226524607
3228052867
3236853938
3237678846
3240087961
3245150079
324906220
3252521520
326720968
326825524
3269128034
3273333019
3281956669
32846215
3295403591
3299583664
3303047555
3304429266
3305368277
3305575458
3307315637
3308232648
3310813821
3312057922
3317501332
3320153695
3324914465
3328796147
3338488738
334679800
3353869925
3357960083
336089184
3362495289
3370800382
3373651335
3373934651
3374421688
3376770010
3378428770
3382573452
3389522878
3390530892
3391775952
3391901542
3393730330
33988873
3399025941
3399873851
3403139297
3403518340
341081054
3413397112
3413716379
341796629
3420711549
3428044765
3428463100
3429248129
3429378095
3432042946
3437152313
345362451
3456896913
3461228177
3467006352
346916581
347446864
3481372821
348412725
348488039
348597611
3492907514
3494882663
3497019074
3504436766
35077218
353209189
3536506223
3541196360
354123424
354380748
3549191232
355463819
35549177
3557938632
3574828037
3576231017
35768745
3586704853
3590323518
3604921753
3605048114
3611086585
3613209316
3615412154
3617552300
3624340589
3629465413
363260985
3632890634
3648116414
365039926
3655481416
365599744
3668272152
3672172394
3672256332
3672283874
3676502071
3681922453
3686572694
3692383580
3692851872
3693366853
3693663552
3693862640
3694289532
3694310956
3694623912
3695551517
37025606
3707441356
3716810177
3721948702
372579917
3731831955
3733565359
3736818973
3739483162
374022479
3741543496
3749973193
3751970656
3754907715
3759582675
3760510816
3764213601
3774591328
3776343736
3780622996
3780928401
3782294489
3782331562
3782382274
3782505982
3782614703
3782678596
3782751675
3782758828
3782782695
3782802375
3782831783
3782884835
3782914283
3782922263
3783000263
3783091641
3783141927
3783170655
3783234495
3783323722
3783370353
3783424935
3783454695
3783552443
3783562155
3783593595
3783594449
3783738742
3783753561
3783762333
3783830416
3783835583
3783854297
3783938572
3783993735
3784047753
3784069876
3784070361
3784146023
3784157008
3784198817
3784401088
3789976273
379232363
379293949
3794725107
3796381949
381681647
382289756
386172018
3892472247
391485689
394796829
3991308574
4004521277
726098468113010688
40151906
4017549401
402914720
403669081
40522169
406471262
406545060
411057020
415923461
416005405
419497409
421308126
421998765
423586644
425867687
427863475
428206227
4305670343
432091529
432277568
444351563
4448875217
445166862
445440957
44697334
4498422329
4506833179
452091685
45311773
4538195656
4543881861
4559232442
457453488
459354550
4671463183
4690523725
470017264
470393520
4727553081
47288285
4741188039
474196537
47450104
4754372892
475457975
477856988
4787425410
4819701299
48276619
48332693
484020475
48438382
4861404167
4865288118
4867842298
4871061447
487559890
487591909
4882314680
4882357949
4902484367
49160903
492388981
496329514
497426445
498086341
51043976
510791905
514787938
51789991
520398299
522673457
523791743
527480688
528244260
528586194
536263426
538901712
54261859
552612973
557890093
559725284
559874293
564336016
566388435
566558389
568396952
569952555
570239924
5717682
57550563
579113025
59031295
592092932
59572924
599712390
600266930
601062717
603307533
60446130
605569005
606237362
61091361
611452387
614068555
63318955
635632789
636631565
65454798
65815036
65932047
68786856
700926985845891072
702606346248699904
704282364
704358587615866881
704687663081631744
705011147825668096
705410611388268544
706461425997258752
706482925123063809
70776386
709215992149200896
709989177358737411
714848444171595777
715208288648888320
715574309339533312
716198807466328064
716251641549348865
716616503634870272
717831768
718332340930482177
718374536102731776
718811246842286080
718864795575939072
720320449914081280
721013054054514689
721015362725224448
721057430935904258
721194746572505091
722038229172645889
722075045208543232
722114396378431488
722198070755078145
722360211462336512
722587087736868864
722646814604791808
722724336499462144
722761512469725184
722771328399515648
723073931633152001
723097270703521792
723175266
723358616036630530
723463480951607296
723578770599362561
723639579501309952
723772984268214272
723775417358934016
723778499706646528
723784680978419712
723799274283253761
723804470031736832
723839116685660160
723870744095027200
723870837057703937
723906171334066181
724014260787908609
724030268257001472
724049144269017089
724101231455682560
724115413366247424
724149917489500160
724162860998250496
724182754678706176
724192617479737345
724197438874116096
724198410354626560
724199089357860864
724199647758192640
724199870337159168
724199882152644608
724199886954979328
724200193231577089
724200296759627776
724200511533158400
724200621172203520
724200650775494656
724200694777974786
724200814986858496
724200821508870145
724200886688423936
724200904275140608
724201009476689920
724201315887394816
724201323273457664
724201384212598784
724201423689252864
724201560545320960
724201566899724288
724201601485799425
724201664626860032
724201681781698561
724201712714715136
724201813721796612
724201835020447745
724201944072503296
724201980306948096
724202085705723904
724202115778809856
724202141611614208
724202221596889089
724202227829739520
724202272884965376
724202287762038784
724202289175605248
724202323434561538
724202332263616516
724202416070111232
724202419693842432
724202432373256192
724202479567527938
724202590204895233
724202611922984960
724202650615468032
724202711651102720
724202819394240512
724202887941742592
724202889145663489
724202893734207488
724202906723991552
724202907868909568
724202934842486786
724203005784940544
724203189969424384
724203237805555712
724203252435324928
724203252808572928
724203273708658688
724203281971552256
724203307993014272
724203424980586496
724203505913856000
724203511768965120
724203571256942593
724203622280630272
724203625870962688
724203627330560001
724203695043391489
724203720901308416
724203735862394881
724203771719503874
724203813758889984
724203819450683393
724203860504387585
724204062930034688
724204139899572224
724204149378703360
724204233743060992
724204251585589248
724204306891579392
724204308229701633
724204314495991808
724204482620329984
724204485749424128
724204489666744320
724204490425917442
724204492313468928
724204499477225472
724204512332812288
724204554787667968
724204644608536576
724204666159005696
724204781007417344
724204826649890816
724204918530142209
724204935278039040
724204958833344512
724204990030434305
724205005272584197
724205043621175296
724205092388347904
724205162760404992
724205245711167488
724205272906919936
724205383259185152
724205413843898368
724205509742489600
724205511894130688
724205604487741440
724205630114914304
724205754895327232
724205757206528000
724205762466041856
724206100321558528
724206161281560576
724206164330708992
724206177685479424
724206189547032581
724206226616254464
724206280475287553
724206340588101633
724206488726704128
724206489582235648
724206533563809792
724206563972505600
724206568116477952
724206601410760705
724206627298152448
724206642284400640
724206715948916736
724206820340969472
724206926850981891
724206938809090048
724206991321780224
724207021860499456
724207046841765888
724207189896744962
724207197811400704
724207206342791168
724207267378143232
724207549470355456
724207691451772929
724207899149492224
724275748333297664
724284481067200512
724320716489785344
724326144942678020
724335079078674432
724367646528032768
724369763405799425
724371956443697152
724372115114340352
724372722365558784
724372765403426816
724372988561350656
724373061919739905
724373284117073920
724373462945402881
724373466049339393
724373600275324932
724373840789282816
724373934402052096
724373997505249280
724374256684023808
724374352448233472
724374371700224001
724374489673412608
724374514008731648
724374527673831424
724374580131930112
724374643587600385
724374702412693504
724374728304123904
724374829843906562
724374874215559168
724374889302495232
724374917286760448
724374979341615109
724374997884657664
724375012812054528
724375258380169216
724375299027136513
724375354534551552
724375378693750784
724375460868706304
724375515260284928
724375517181386752
724375549934637057
724375606692069376
724375832802807808
724375863278592003
724375958728392706
724375993327054849
724376070221234180
724376100206448641
724376140408872960
724376152173887489
724376258289627136
724376434383413248
724376530097475584
724376572166307845
724376609499680768
724376701388476416
724376955353583616
724376965419954176
724376970042183680
724377107850235905
724377156499980288
724377230181199872
724377345985900544
724377516295643138
724377525133139968
724377582909722624
724377616610787328
724377671510155265
724377760588767232
724377792738131968
724377801952874496
724377985126518784
724378087287193600
724378209589035008
724959282073063424
725232894294249472
725581472518778880
726029088457027584
726037055751393281
726057221654757376
726060790638370816
726079660371628037
726080231073832960
726082149774856192
726082601392295936
726082898344865794
726088135214546945
726088196652675073
726088870236839936
726091285136834560
726091823568003074
726094638554062848
726095992202874881
726096471154679809
726096961749827584
726100085143179264
726184946671431684
726190328366014464
726224556969455616
726242124035952642
726244310975275008
726312729078845441
752604540
754764788
770080904
787490468
79364239
80141262
82058750
82343513
83757204
840606084
841548936
842555330
85344764
85479331
861783636
87456399
89208192
911524076
911549306
919449422
92490997
931826418
93564599
957137125
9889092